kohde;jasen;pvknro;sp;ASALUE;IKAL1;V1;V5;V7;V21;V22;V27;V32;V33;V40;V68;V69;V70;V75;H1a_A;H1b_A;H1g_A;H1h_A;H1i_A
50007;2;2;2;3.0;6;580;0;20;0;0;0;430;70;0;30;0;0;0;1.0;1.0;2.0;1.0;2.0
50009;1;1;2;1.0;7;0;40;0;0;0;0;560;50;0;240;0;60;0;1.0;1.0;2.0;1.0;1.0
50015;1;1;1;3.0;8;0;10;0;0;0;0;450;80;0;310;10;240;0;2.0;1.0;2.0;1.0;2.0
50032;2;1;1;2.0;8;0;0;10;0;0;0;530;60;0;0;0;170;0;2.0;2.0;2.0;2.0;2.0
50033;1;1;2;1.0;8;00:00;02:10;00:20;00:00;00:00;02:30;07:20;01:00;00:00;00:30;00:00;01:50;00:00;2.0;2.0;2.0;2.0;2.0
50035;2;2;2;1.0;4;00:00;00:00;00:00;03:40;00:00;01:20;09:30;01:10;00:00;00:00;00:00;00:00;00:00;2.0;2.0;2.0;1.0;2.0
50045;1;1;2;3.0;6;0;50;20;0;0;0;560;80;0;130;0;110;50;1.0;2.0;2.0;1.0;2.0
50064;1;1;2;1.0;4;0;0;0;130;80;70;190;80;0;0;0;0;0;1.0;1.0;2.0;1.0;2.0
50065;1;2;2;1.0;8;0;180;0;0;0;40;600;90;0;0;0;50;0;2.0;1.0;2.0;1.0;2.0
50067;1;1;1;2.0;8;0;70;20;0;0;0;720;70;0;50;0;250;0;2.0;2.0;2.0;2.0;1.0
50073;1;2;1;1.0;7;0;0;0;0;0;30;610;260;0;0;0;100;0;1.0;2.0;2.0;1.0;1.0
50074;2;1;1;1.0;5;0;50;0;0;0;?;620;130;0;20;0;0;0;?;?;?;?;?
50075;2;1;2;3.0;5;0;10;30;40;10;210;500;90;0;30;0;0;10;2.0;2.0;2.0;1.0;2.0
50077;2;2;2;1.0;3;0;0;0;0;0;70;460;150;0;0;0;0;0;1.0;2.0;1.0;1.0;1.0
50081;1;1;1;3.0;9;0;0;0;0;0;0;480;10;0;0;0;60;0;2.0;2.0;?;2.0;2.0
50085;1;1;1;1.0;7;0;10;0;0;0;100;480;160;0;130;20;150;0;2.0;2.0;2.0;1.0;1.0
50087;1;2;2;1.0;5;0;100;30;10;20;0;610;70;0;130;0;0;0;1.0;1.0;1.0;1.0;2.0
50092;2;2;1;1.0;4;0;20;0;30;160;0;740;50;0;0;0;200;0;2.0;2.0;2.0;1.0;2.0
50097;1;1;1;1.0;6;0;50;0;0;0;20;420;50;0;30;10;210;0;1.0;?;1.0;2.0;1.0
50098;2;1;1;1.0;5;0;0;0;0;0;0;720;160;0;0;0;100;0;2.0;1.0;2.0;2.0;2.0
50099;1;1;2;1.0;8;0;10;0;0;0;20;520;120;0;130;0;140;0;2.0;1.0;2.0;1.0;2.0
50105;1;2;2;2.0;9;0;20;30;0;0;0;640;120;0;30;0;120;0;2.0;2.0;2.0;2.0;2.0
50110;1;2;1;3.0;6;540;10;0;0;0;0;620;40;0;40;0;0;0;2.0;2.0;2.0;1.0;2.0
50111;2;2;1;2.0;7;00:00;00:00;00:00;00:00;00:00;00:00;09:50;01:40;00:00;00:30;00:00;04:20;00:50;1.0;1.0;1.0;1.0;1.0
50113;2;1;1;3.0;7;0;50;10;0;0;0;580;100;0;60;0;160;0;2.0;2.0;1.0;2.0;1.0
50118;1;1;2;1.0;7;0;40;30;0;0;0;620;70;0;150;0;120;0;1.0;1.0;1.0;1.0;1.0
50132;1;1;1;2.0;8;0;0;0;0;0;0;460;90;0;20;0;0;0;2.0;2.0;1.0;2.0;2.0
50144;2;1;2;1.0;4;0;0;20;350;120;0;590;70;0;0;0;90;20;1.0;2.0;2.0;1.0;1.0
50148;1;1;2;1.0;8;0;0;0;0;0;0;300;80;0;30;0;950;10;2.0;2.0;2.0;2.0;2.0
50149;1;2;2;3.0;6;180;40;10;0;0;0;530;60;0;0;0;120;0;2.0;2.0;2.0;2.0;2.0
50150;2;2;2;1.0;7;0;50;0;0;0;80;440;150;0;30;0;170;0;2.0;1.0;1.0;1.0;2.0
50152;1;2;2;1.0;5;10;20;20;0;0;0;530;110;0;60;0;150;20;1.0;1.0;1.0;1.0;?
50160;1;2;1;1.0;5;170;20;0;0;0;0;560;80;0;0;0;210;0;?;?;?;?;?
50174;1;1;1;1.0;6;00:00;00:10;00:30;00:00;00:00;00:50;07:10;02:10;00:00;02:10;00:00;02:10;00:00;2.0;1.0;1.0;2.0;2.0
50178;1;2;2;2.0;6;0;20;0;0;0;30;460;120;0;100;0;120;0;1.0;1.0;1.0;1.0;2.0
50181;1;1;1;3.0;7;07:00;00:00;00:00;00:00;00:00;00:00;06:10;00:50;00:00;00:40;00:00;00:00;00:00;2.0;2.0;1.0;2.0;2.0
50202;1;1;2;2.0;5;500;0;0;0;0;0;430;50;0;30;0;150;0;2.0;2.0;2.0;2.0;2.0
50204;2;1;2;1.0;6;0;0;0;0;0;60;600;100;0;200;0;60;0;1.0;1.0;2.0;1.0;2.0
50206;2;2;2;1.0;5;0;0;0;0;0;0;430;100;480;0;0;140;10;2.0;1.0;1.0;1.0;2.0
50211;1;2;2;1.0;4;450;20;0;20;30;40;410;70;0;10;0;50;0;1.0;1.0;2.0;1.0;1.0
50213;1;2;2;1.0;6;0;80;60;0;0;0;540;90;0;0;0;130;0;1.0;1.0;2.0;2.0;1.0
50215;2;2;1;1.0;5;0;0;0;0;0;0;920;0;0;60;0;?;0;1.0;1.0;1.0;1.0;1.0
50218;2;1;2;1.0;9;0;20;0;0;0;0;550;140;0;20;30;170;0;?;?;?;?;?
50222;1;2;2;1.0;6;0;10;50;0;0;60;440;70;0;0;0;40;0;2.0;1.0;1.0;2.0;2.0
50230;2;1;1;1.0;6;440;0;0;0;0;40;350;120;0;40;0;130;?;1.0;2.0;2.0;2.0;2.0
50233;1;2;2;1.0;8;0;180;0;0;0;50;500;80;0;60;10;70;0;2.0;1.0;2.0;2.0;2.0
50237;1;2;1;3.0;7;0;50;0;0;0;0;550;140;0;50;0;150;0;2.0;1.0;2.0;2.0;2.0
50239;2;2;2;1.0;7;02:00;00:00;00:00;00:00;00:00;00:40;07:40;01:20;00:00;01:10;00:00;03:30;00:30;2.0;1.0;1.0;1.0;2.0
50246;2;2;1;1.0;6;0;20;0;0;0;40;510;30;0;0;0;550;0;2.0;2.0;2.0;1.0;1.0
50247;2;2;2;3.0;6;0;70;40;0;0;0;630;90;0;110;10;20;40;2.0;2.0;1.0;1.0;2.0
50252;1;2;1;3.0;5;380;80;0;0;0;0;520;50;0;40;0;110;0;2.0;2.0;2.0;2.0;1.0
50267;1;1;1;2.0;8;0;70;10;0;0;100;390;90;0;0;0;540;0;2.0;1.0;2.0;1.0;2.0
50272;2;1;2;1.0;6;0;90;50;0;0;0;480;100;0;80;0;40;0;2.0;1.0;1.0;1.0;1.0
50275;1;2;2;1.0;9;00:00;00:20;00:10;00:00;00:00;02:00;06:50;00:20;00:00;00:00;00:00;02:20;00:00;2.0;2.0;2.0;2.0;2.0
50285;1;2;2;1.0;7;0;50;10;0;0;0;650;50;0;70;0;40;0;1.0;1.0;?;1.0;2.0
50287;2;1;2;3.0;8;0;50;50;0;0;0;540;110;0;40;0;200;10;1.0;1.0;2.0;1.0;2.0
50288;1;2;2;1.0;6;0;40;0;0;0;50;490;50;0;80;0;130;0;?;?;?;?;?
50293;1;2;2;2.0;6;0;160;50;0;0;0;470;130;0;20;0;0;0;1.0;1.0;1.0;1.0;1.0
50295;1;2;2;1.0;8;?;80;30;0;0;60;500;70;0;100;0;240;10;1.0;1.0;1.0;1.0;1.0
50300;1;1;2;3.0;7;0;180;80;0;0;30;330;140;0;0;20;70;0;2.0;2.0;2.0;1.0;2.0
50301;2;1;1;1.0;6;0;20;0;10;10;100;600;100;0;20;10;0;20;2.0;2.0;2.0;1.0;2.0
50302;1;1;2;1.0;8;0;60;20;0;0;50;600;70;0;50;0;170;0;1.0;2.0;1.0;2.0;2.0
50309;1;2;2;1.0;6;460;0;0;0;0;?;380;50;0;0;0;60;10;1.0;1.0;2.0;1.0;2.0
50310;1;1;1;1.0;6;0;80;60;0;0;20;480;160;0;50;30;80;0;2.0;1.0;2.0;2.0;2.0
50313;2;2;1;1.0;6;0;10;0;0;0;20;360;100;0;10;0;0;0;1.0;2.0;1.0;1.0;2.0
50315;2;1;1;1.0;6;480;0;0;0;0;40;470;80;0;20;?;60;10;?;?;?;?;?
50324;1;2;1;1.0;5;630;0;0;10;0;0;490;30;0;10;0;0;10;2.0;2.0;2.0;1.0;2.0
50330;1;2;2;2.0;6;0;20;0;0;0;0;420;70;0;30;0;0;0;1.0;1.0;2.0;1.0;2.0
50342;2;1;2;1.0;8;0;40;40;0;0;0;440;120;0;70;0;50;90;1.0;1.0;1.0;1.0;1.0
50343;1;2;2;2.0;3;150;20;0;0;0;0;560;50;0;0;0;0;40;?;?;?;?;?
50351;2;1;1;1.0;9;0;150;40;0;0;0;370;140;0;40;60;350;0;2.0;?;2.0;2.0;2.0
50365;2;2;1;3.0;6;0;70;0;0;0;20;480;60;0;0;0;120;0;2.0;2.0;1.0;1.0;1.0
50366;2;2;1;2.0;7;0;50;0;0;0;0;500;80;0;30;0;350;0;2.0;1.0;2.0;1.0;2.0
50374;1;2;1;1.0;7;0;0;0;0;0;0;630;220;0;80;0;300;0;1.0;1.0;1.0;1.0;1.0
50376;2;2;2;1.0;7;0;30;0;0;0;30;520;170;0;150;0;170;0;1.0;1.0;2.0;1.0;2.0
50377;2;1;2;3.0;4;0;60;0;0;0;0;410;220;0;0;0;100;10;2.0;2.0;1.0;1.0;2.0
50380;2;2;2;1.0;6;510;50;10;0;0;10;510;40;0;0;0;0;0;1.0;2.0;1.0;1.0;1.0
50382;2;1;1;1.0;6;460;20;10;10;0;20;430;50;0;50;0;190;0;?;?;?;?;?
50383;2;1;2;3.0;4;340;20;20;0;0;140;390;110;0;10;0;100;0;2.0;1.0;2.0;1.0;1.0
50387;2;1;2;3.0;9;0;60;70;0;0;0;540;140;0;190;0;200;0;2.0;2.0;2.0;1.0;2.0
50389;1;1;1;1.0;3;00:00;00:00;00:00;00:00;00:00;02:00;12:20;00:30;00:00;?;00:00;00:00;00:00;1.0;1.0;1.0;1.0;2.0
50396;1;1;1;1.0;4;0;20;0;0;0;0;820;70;0;0;0;180;0;1.0;2.0;2.0;1.0;1.0
50403;1;2;1;3.0;6;370;10;0;0;0;0;520;40;0;0;60;300;0;2.0;2.0;2.0;1.0;2.0
50404;1;1;2;2.0;4;0;50;30;?;50;0;780;160;0;20;0;0;0;1.0;1.0;2.0;1.0;2.0
50406;2;2;2;2.0;7;290;150;20;0;0;40;380;90;0;30;0;0;0;120.0;0.0;0.0;0.0;120.0
50408;2;2;2;3.0;4;0;30;0;310;0;0;630;80;0;40;0;0;0;?;2.0;2.0;1.0;2.0
50410;2;1;2;1.0;8;00:00;01:10;00:10;00:00;00:00;00:00;08:30;01:20;00:00;00:10;00:00;06:20;00:00;2.0;1.0;1.0;1.0;?
50411;1;2;2;3.0;9;0;100;80;0;0;0;700;130;0;170;0;120;0;2.0;2.0;2.0;2.0;2.0
50416;1;2;1;1.0;5;440;20;0;110;60;0;390;80;0;0;0;70;0;2.0;2.0;1.0;1.0;2.0
50428;1;2;2;3.0;8;0;70;20;0;0;30;660;80;0;60;10;190;0;2.0;2.0;2.0;2.0;2.0
50444;2;1;1;1.0;9;0;100;10;0;0;50;520;90;0;50;0;220;0;2.0;2.0;2.0;2.0;2.0
50465;2;2;1;1.0;7;0;50;10;0;0;0;560;120;0;120;0;120;?;1.0;1.0;1.0;1.0;2.0
50467;1;1;1;1.0;7;08:10;00:00;00:00;00:00;00:00;00:10;08:00;01:10;00:00;01:10;00:00;03:20;00:00;1.0;1.0;1.0;1.0;2.0
50472;2;1;2;3.0;7;00:00;00:50;00:40;00:00;00:00;00:00;09:10;03:00;00:00;01:40;00:00;02:00;00:30;1.0;1.0;1.0;2.0;1.0
50473;2;1;1;1.0;6;0;40;0;0;0;10;560;100;0;70;0;100;0;1.0;1.0;1.0;1.0;2.0
50475;2;1;1;2.0;4;0;20;20;150;30;90;520;50;0;0;0;50;10;1.0;2.0;2.0;2.0;1.0
50478;2;2;2;1.0;6;0;?;40;0;0;0;670;80;0;40;0;120;0;2.0;2.0;1.0;1.0;2.0
50479;1;2;2;2.0;7;0;0;10;0;0;100;570;90;0;50;0;130;0;2.0;1.0;1.0;1.0;2.0
50482;2;2;2;1.0;9;0;110;80;0;0;0;570;80;0;110;10;50;0;2.0;1.0;1.0;2.0;2.0
50486;1;1;1;1.0;6;0;20;0;0;0;0;720;80;0;?;0;250;20;2.0;2.0;1.0;2.0;2.0
50491;1;2;1;1.0;9;0;110;40;0;0;0;420;80;0;70;50;220;60;2.0;2.0;2.0;2.0;2.0
50497;2;1;2;3.0;6;0;90;30;0;0;0;620;60;0;0;0;290;?;2.0;2.0;2.0;1.0;2.0
50499;2;2;1;3.0;9;0;20;10;0;0;0;460;120;0;30;200;260;0;2.0;2.0;2.0;2.0;2.0
50511;1;1;2;1.0;3;0;10;0;0;0;0;650;140;0;0;0;150;0;1.0;2.0;2.0;1.0;2.0
50519;1;1;2;1.0;9;0;50;40;0;0;30;530;100;0;170;0;80;70;2.0;2.0;2.0;1.0;2.0
50524;1;1;2;1.0;8;0;50;20;0;0;0;520;150;0;20;0;220;0;2.0;1.0;2.0;2.0;1.0
50527;1;1;2;1.0;8;230;40;20;0;0;0;530;70;0;60;0;90;0;2.0;1.0;1.0;2.0;2.0
50530;1;2;1;1.0;7;460;10;0;0;0;20;500;60;0;20;0;170;20;0.0;120.0;0.0;0.0;0.0
50532;1;1;2;1.0;5;06:00;00:00;00:00;00:00;00:00;00:00;10:40;01:10;?;00:00;00:00;03:20;00:00;1.0;1.0;1.0;1.0;1.0
50536;2;1;2;3.0;4;0;60;30;110;80;60;560;100;0;0;0;110;0;1.0;2.0;1.0;1.0;2.0
50541;1;2;1;3.0;7;0;60;30;0;0;0;480;60;0;0;0;40;20;2.0;2.0;2.0;2.0;1.0
50550;2;2;1;1.0;6;550;20;0;40;0;30;480;0;0;60;0;70;0;0.0;0.0;0.0;0.0;0.0
50552;2;2;1;1.0;7;240;0;0;0;0;0;690;60;0;40;0;100;0;2.0;2.0;2.0;2.0;1.0
50555;1;2;1;1.0;6;08:30;00:00;00:00;00:00;00:00;00:00;06:10;01:40;00:00;00:20;00:00;04:00;00:00;2.0;2.0;2.0;2.0;?
50557;1;2;1;1.0;5;0;20;0;0;0;120;730;50;0;0;0;130;10;2.0;2.0;2.0;2.0;1.0
50565;1;1;2;2.0;8;0;80;10;0;0;20;560;?;0;?;0;190;0;2.0;1.0;2.0;1.0;2.0
50567;1;1;2;1.0;4;0;80;10;0;0;170;270;160;0;0;0;0;0;1.0;2.0;1.0;1.0;1.0
50574;1;2;1;3.0;3;0;0;0;0;0;10;630;20;0;0;0;0;10;1.0;1.0;1.0;1.0;2.0
50581;2;2;1;1.0;6;0;0;0;0;0;20;600;90;0;20;0;150;0;2.0;1.0;1.0;2.0;1.0
50582;1;1;1;1.0;8;0;0;10;0;0;0;450;70;0;50;0;120;40;1.0;1.0;2.0;1.0;2.0
50585;1;1;1;1.0;6;0;10;10;0;0;0;320;90;0;0;60;390;0;2.0;2.0;2.0;1.0;2.0
50586;2;2;1;1.0;6;0;20;0;0;0;0;840;90;0;80;0;180;0;1.0;2.0;1.0;1.0;1.0
50591;1;1;2;1.0;6;830;10;0;0;0;0;350;40;0;10;0;0;0;1.0;1.0;1.0;1.0;2.0
50594;1;1;2;1.0;7;0;80;10;0;0;80;680;70;0;90;0;180;0;2.0;1.0;2.0;1.0;2.0
50602;1;2;1;1.0;9;0;0;70;0;0;50;410;110;0;150;40;100;0;2.0;2.0;2.0;2.0;2.0
50604;1;1;1;3.0;6;500;0;0;0;0;30;390;90;0;40;0;70;0;2.0;2.0;1.0;1.0;2.0
50613;2;1;2;2.0;4;420;0;0;40;0;?;510;20;0;10;0;20;60;2.0;1.0;1.0;1.0;1.0
50623;1;2;1;2.0;7;440;60;0;0;0;0;500;80;0;50;10;0;0;2.0;2.0;2.0;1.0;2.0
50626;1;1;2;3.0;4;0;80;20;160;110;0;520;70;0;0;0;100;0;1.0;2.0;2.0;1.0;2.0
50638;1;1;1;1.0;6;260;0;0;0;0;140;250;50;0;220;0;70;0;2.0;1.0;1.0;1.0;1.0
50642;2;2;1;3.0;8;0;0;0;0;0;0;620;40;0;0;90;130;0;2.0;1.0;?;2.0;2.0
50644;2;1;2;1.0;8;0;70;20;0;0;0;440;70;0;400;20;0;80;1.0;1.0;2.0;1.0;2.0
50647;2;2;1;3.0;6;0;60;0;30;0;120;340;60;0;30;0;0;0;1.0;2.0;1.0;1.0;1.0
50648;1;2;1;3.0;4;0;0;0;0;0;30;480;50;0;0;0;90;0;1.0;2.0;1.0;1.0;2.0
50659;2;1;2;3.0;5;440;?;10;50;10;60;420;60;0;20;0;0;20;1.0;2.0;1.0;1.0;1.0
50660;1;2;1;1.0;7;620;10;0;0;0;0;490;40;0;0;0;90;10;2.0;2.0;1.0;2.0;1.0
50662;1;2;2;1.0;6;0;10;0;0;0;0;600;90;0;20;0;50;50;1.0;1.0;1.0;2.0;1.0
50666;2;1;1;1.0;9;0;0;0;0;0;0;600;80;0;40;30;90;0;180.0;60.0;120.0;0.0;120.0
50667;2;2;2;1.0;6;0;10;0;0;0;70;370;90;0;0;0;0;0;1.0;1.0;1.0;1.0;2.0
50668;2;1;1;3.0;6;430;30;0;0;0;0;450;60;0;30;0;20;0;2.0;1.0;2.0;1.0;2.0
50672;1;2;1;2.0;7;0;0;0;0;0;110;540;150;0;60;0;290;0;1.0;1.0;1.0;1.0;1.0
50678;2;1;2;1.0;8;00:00;00:00;00:00;00:00;00:00;01:00;08:30;00:40;00:00;03:00;00:00;00:00;00:00;1.0;1.0;1.0;1.0;1.0
50679;1;1;2;3.0;4;50;0;0;150;40;0;510;40;0;30;0;190;10;2.0;2.0;2.0;1.0;2.0
50687;1;2;2;3.0;6;0;50;30;0;0;10;560;70;0;0;0;0;20;2.0;2.0;1.0;2.0;2.0
50697;1;2;2;1.0;6;500;40;0;0;0;30;280;30;0;40;30;?;30;2.0;2.0;2.0;1.0;1.0
50699;1;2;2;3.0;8;0;40;20;0;0;0;470;70;0;50;80;310;20;2.0;1.0;1.0;1.0;2.0
50707;2;2;2;1.0;3;0;0;0;0;0;0;430;40;390;0;0;100;0;1.0;2.0;2.0;1.0;2.0
50737;1;1;1;1.0;8;0;0;0;0;0;20;540;50;0;130;0;150;30;120.0;0.0;180.0;0.0;0.0
50740;1;2;2;2.0;7;140;70;30;0;0;40;480;130;0;60;0;230;20;1.0;1.0;1.0;1.0;2.0
50742;2;1;2;1.0;7;0;80;80;0;0;0;630;90;0;70;0;0;0;1.0;1.0;1.0;1.0;2.0
50747;1;1;2;1.0;7;0;40;0;0;0;20;510;20;0;0;20;70;30;2.0;1.0;2.0;2.0;2.0
50748;1;2;1;2.0;6;490;10;0;0;0;0;440;10;0;130;0;210;0;2.0;2.0;1.0;1.0;1.0
50750;2;1;2;1.0;7;0;100;40;0;0;0;570;120;0;60;0;220;60;2.0;2.0;1.0;2.0;2.0
50756;1;2;2;1.0;3;0;30;0;0;0;190;550;60;0;0;0;120;0;1.0;1.0;1.0;1.0;2.0
50765;2;2;1;1.0;8;0;30;10;0;0;0;500;80;0;230;0;190;0;2.0;1.0;1.0;1.0;2.0
50768;1;2;1;3.0;5;380;10;0;0;0;30;300;100;0;60;0;10;0;1.0;1.0;1.0;1.0;1.0
50771;2;2;2;1.0;6;380;60;50;0;0;20;470;60;0;30;0;10;0;2.0;1.0;1.0;2.0;2.0
50781;1;1;1;1.0;4;00:00;01:00;00:00;00:00;00:00;00:20;08:40;01:00;00:00;01:00;00:00;00:00;00:00;1.0;2.0;1.0;1.0;1.0
50782;2;1;1;1.0;7;0;50;0;0;0;0;600;90;0;0;0;40;0;1.0;1.0;1.0;1.0;2.0
50786;1;1;1;3.0;4;430;20;20;40;0;0;540;90;0;0;0;150;0;1.0;1.0;2.0;1.0;1.0
50803;1;1;1;1.0;7;0;0;0;0;0;180;500;110;0;170;0;210;0;2.0;1.0;2.0;1.0;1.0
50810;1;2;1;3.0;6;660;50;30;0;0;0;330;70;0;60;0;0;0;2.0;2.0;2.0;2.0;2.0
50811;2;1;1;1.0;7;360;10;0;0;0;20;400;90;0;0;0;250;0;2.0;1.0;1.0;2.0;1.0
50817;1;2;1;1.0;7;500;0;0;0;0;30;440;160;0;10;0;60;0;2.0;1.0;2.0;1.0;1.0
50820;2;1;2;1.0;7;0;20;20;0;0;60;550;50;0;0;0;440;0;1.0;2.0;2.0;1.0;1.0
50823;2;2;2;3.0;6;0;60;0;0;0;50;660;80;0;0;0;0;0;1.0;1.0;1.0;2.0;2.0
50824;1;2;1;1.0;7;520;10;0;0;0;0;410;120;0;0;0;0;0;2.0;1.0;2.0;2.0;2.0
50831;2;2;2;1.0;5;0;40;30;0;0;0;510;50;0;70;0;0;0;1.0;1.0;2.0;1.0;1.0
50840;1;2;1;1.0;9;00:00;06:00;00:30;00:00;00:00;00:00;06:50;03:30;00:00;01:00;02:00;00:00;00:00;2.0;2.0;1.0;1.0;2.0
50844;1;2;1;1.0;7;0;20;0;0;0;40;?;110;0;360;0;330;0;2.0;2.0;2.0;2.0;2.0
50845;1;2;1;1.0;5;0;0;0;0;0;0;650;60;0;50;0;250;0;1.0;1.0;1.0;1.0;1.0
50846;2;1;2;1.0;4;00:00;01:10;00:00;00:00;00:00;02:20;07:00;03:10;00:00;00:30;00:00;00:40;00:00;1.0;2.0;2.0;1.0;2.0
50847;1;1;1;3.0;6;480;10;0;0;0;0;480;60;0;0;0;240;0;2.0;1.0;1.0;2.0;1.0
50854;2;2;1;1.0;8;0;50;0;0;0;0;540;120;0;30;180;0;0;1.0;1.0;2.0;1.0;2.0
50856;2;2;2;1.0;7;460;60;60;0;0;30;540;140;0;0;0;0;0;2.0;2.0;2.0;2.0;2.0
50858;1;1;2;1.0;8;00:00;00:50;00:20;00:00;00:00;01:00;08:50;01:20;00:00;02:50;00:00;02:50;00:20;1.0;1.0;2.0;2.0;2.0
50865;1;1;2;1.0;4;310;60;10;30;30;20;420;40;0;0;0;160;0;2.0;2.0;1.0;2.0;2.0
50875;2;1;2;1.0;8;0;70;60;0;0;50;520;70;0;20;10;170;70;2.0;2.0;2.0;?;2.0
50887;1;2;1;1.0;4;660;0;0;50;0;0;550;30;0;0;0;30;0;2.0;2.0;2.0;1.0;1.0
50888;1;1;2;2.0;8;00:00;01:40;?;00:00;00:00;00:40;08:10;01:00;00:00;00:50;00:00;03:30;00:00;1.0;1.0;1.0;1.0;1.0
50890;2;1;1;2.0;5;480;30;10;0;0;0;410;50;0;0;0;150;0;1.0;2.0;1.0;2.0;2.0
50893;1;1;2;1.0;4;0;40;0;0;0;20;470;150;0;0;0;0;0;1.0;1.0;1.0;1.0;2.0
50894;2;1;2;1.0;6;40;60;30;0;0;0;540;60;0;30;0;250;0;1.0;1.0;2.0;1.0;1.0
50900;1;2;1;1.0;4;00:00;00:00;00:00;00:00;00:00;00:00;09:50;01:30;00:00;00:00;00:00;02:10;00:10;2.0;2.0;1.0;1.0;2.0
50909;2;2;1;1.0;7;0;0;0;0;0;0;410;120;0;10;0;110;10;1.0;1.0;1.0;2.0;1.0
50913;2;2;1;1.0;7;0;70;20;0;0;30;470;130;0;0;0;200;0;1.0;2.0;2.0;1.0;1.0
50928;1;2;1;2.0;7;0;0;0;0;0;0;?;120;0;0;0;120;0;2.0;1.0;1.0;2.0;2.0
50930;2;2;2;1.0;7;0;50;0;0;0;30;390;100;0;50;0;30;0;1.0;1.0;1.0;1.0;1.0
50936;2;2;1;1.0;4;0;30;0;0;0;0;490;100;0;0;0;360;0;1.0;1.0;2.0;1.0;1.0
50937;1;2;1;1.0;5;0;0;0;0;0;0;450;80;0;?;0;230;0;1.0;2.0;1.0;2.0;2.0
50945;1;1;1;2.0;8;00:00;00:20;00:10;00:00;00:00;00:50;09:50;02:10;00:00;01:10;00:00;03:20;00:00;2.0;1.0;1.0;1.0;2.0
50953;1;2;1;1.0;4;08:00;00:00;00:00;00:00;00:00;00:00;08:20;01:30;00:00;00:30;00:00;00:20;00:00;1.0;1.0;2.0;1.0;1.0
50956;2;2;1;2.0;5;06:50;00:40;00:00;00:00;00:00;00:00;08:30;01:10;?;01:20;00:00;02:20;00:00;1.0;2.0;1.0;1.0;1.0
50960;2;1;2;1.0;7;0;?;0;0;0;50;450;90;0;90;0;390;0;2.0;2.0;2.0;1.0;2.0
50966;2;1;1;1.0;7;0;60;20;0;0;20;610;110;0;50;0;70;0;1.0;2.0;2.0;2.0;1.0
50967;1;2;1;3.0;5;470;20;0;0;0;0;410;70;0;0;0;0;0;2.0;1.0;1.0;1.0;1.0
50969;1;1;2;2.0;7;0;90;0;0;0;0;480;130;0;50;20;100;0;1.0;1.0;1.0;2.0;2.0
50970;2;2;2;3.0;5;390;40;10;10;0;0;460;40;0;40;0;60;0;2.0;1.0;2.0;1.0;2.0
50975;1;1;1;2.0;5;0;40;0;0;0;110;440;90;0;0;0;0;0;?;?;?;?;?
50977;1;2;2;1.0;9;0;20;30;0;0;40;710;40;0;60;0;250;0;1.0;2.0;1.0;1.0;2.0
50984;2;1;1;3.0;7;0;10;0;0;0;0;540;270;0;60;0;30;0;2.0;2.0;1.0;1.0;2.0
50995;1;2;2;1.0;4;600;0;0;0;0;0;560;50;0;20;0;20;20;1.0;1.0;1.0;1.0;2.0
50999;2;2;1;3.0;8;0;0;0;0;0;30;570;80;0;160;0;230;0;2.0;2.0;2.0;2.0;2.0
51000;1;1;2;3.0;5;0;10;20;190;20;0;510;30;0;0;0;0;0;2.0;2.0;2.0;1.0;2.0
51007;1;2;1;1.0;6;0;40;0;0;0;100;560;190;0;0;0;0;0;2.0;2.0;2.0;1.0;1.0
51013;1;1;2;1.0;6;0;70;10;0;0;50;550;110;0;20;0;160;0;2.0;2.0;2.0;2.0;2.0
51021;2;2;1;1.0;3;0;0;0;0;0;10;500;70;0;0;0;120;0;1.0;2.0;2.0;1.0;1.0
51022;1;2;2;1.0;4;450;10;0;0;0;50;460;80;0;0;0;120;0;1.0;2.0;2.0;1.0;2.0
51031;1;2;2;3.0;8;0;40;0;0;0;0;580;50;0;100;0;90;0;2.0;1.0;2.0;2.0;2.0
51040;2;2;2;2.0;6;30;40;?;0;0;0;470;70;0;60;0;40;40;2.0;2.0;2.0;1.0;2.0
51041;1;2;2;1.0;8;0;60;10;0;0;70;480;120;0;30;0;130;0;2.0;1.0;2.0;2.0;2.0
51043;2;2;2;2.0;7;0;50;30;0;0;40;530;80;0;40;0;400;0;1.0;2.0;2.0;1.0;1.0
51049;2;1;2;1.0;8;00:00;01:30;00:00;00:00;00:00;00:10;06:30;02:30;00:00;01:40;?;02:00;00:50;1.0;2.0;1.0;2.0;2.0
51050;1;2;2;1.0;5;640;10;0;0;0;0;450;40;0;70;0;0;0;1.0;1.0;1.0;1.0;2.0
51053;1;1;2;3.0;6;00:00;01:10;00:10;00:00;00:00;00:00;09:00;00:20;00:00;01:00;?;01:20;?;2.0;2.0;1.0;1.0;2.0
51057;2;2;1;1.0;7;0;70;0;0;0;0;460;70;0;0;150;0;0;2.0;2.0;2.0;2.0;2.0
51060;1;1;2;1.0;4;0;20;0;0;?;20;590;80;0;0;0;100;0;1.0;1.0;1.0;1.0;2.0
51065;2;2;1;1.0;8;0;10;?;0;0;10;590;120;0;100;0;210;20;?;?;?;?;?
51074;1;1;2;3.0;6;400;10;0;0;0;0;480;70;0;0;0;0;0;60.0;0.0;0.0;0.0;0.0
51079;2;2;2;3.0;4;0;60;0;0;0;20;650;70;0;0;0;150;0;2.0;2.0;2.0;1.0;1.0
51081;1;1;1;3.0;7;0;20;0;0;0;0;480;80;0;80;0;340;0;2.0;2.0;2.0;1.0;2.0
51089;1;1;2;1.0;7;00:00;01:00;00:30;00:00;00:00;00:00;07:50;01:10;00:00;00:20;00:00;06:20;00:10;2.0;1.0;2.0;2.0;2.0
51094;1;1;2;2.0;7;280;10;?;0;0;10;500;60;0;80;0;70;0;2.0;2.0;2.0;1.0;2.0
51096;2;1;2;1.0;7;0;10;0;0;0;70;560;170;0;20;0;0;0;1.0;1.0;1.0;1.0;1.0
51119;1;1;2;2.0;6;790;0;0;0;0;0;420;40;0;40;0;0;0;2.0;1.0;2.0;1.0;2.0
51121;2;1;1;1.0;5;570;?;0;20;20;20;460;60;0;20;0;110;0;1.0;2.0;2.0;1.0;1.0
51125;1;1;2;1.0;3;0;10;10;0;0;90;480;70;330;10;0;140;0;1.0;1.0;2.0;1.0;2.0
51126;2;1;2;2.0;4;410;30;20;10;20;0;540;40;0;10;0;60;0;1.0;1.0;1.0;1.0;2.0
51131;2;2;1;1.0;4;0;20;0;20;60;0;420;70;0;0;0;170;130;?;?;?;?;?
51137;1;2;2;1.0;6;0;10;0;0;0;20;500;40;0;120;0;160;10;1.0;1.0;1.0;1.0;1.0
51139;2;2;2;3.0;7;0;0;10;0;0;10;110;10;0;0;0;0;0;2.0;2.0;1.0;1.0;2.0
51141;1;1;2;1.0;3;07:40;00:50;00:20;00:00;00:00;00:00;08:30;01:20;00:00;00:00;00:00;01:00;00:00;1.0;1.0;2.0;1.0;2.0
51155;1;2;2;1.0;7;360;0;0;0;0;0;460;60;0;60;70;280;0;2.0;1.0;2.0;2.0;1.0
51159;1;2;1;1.0;7;0;0;10;0;0;0;560;120;0;80;0;230;0;1.0;1.0;1.0;1.0;1.0
51161;2;2;1;1.0;7;210;40;0;0;0;70;610;90;0;0;0;210;0;1.0;2.0;1.0;1.0;2.0
51167;2;1;1;1.0;6;500;30;0;70;50;0;500;70;0;10;0;0;0;2.0;1.0;1.0;1.0;1.0
51170;1;2;1;1.0;7;0;0;0;0;0;100;580;70;0;0;0;310;0;1.0;1.0;2.0;2.0;2.0
51176;2;1;1;1.0;7;0;0;20;0;?;70;430;80;0;110;70;340;0;2.0;2.0;1.0;2.0;1.0
51178;2;1;2;2.0;5;00:00;00:00;00:00;00:00;00:00;00:10;11:20;02:20;00:00;02:00;00:00;00:50;00:00;2.0;1.0;1.0;1.0;2.0
51181;1;1;1;1.0;7;0;10;0;0;0;?;?;130;0;0;190;90;0;2.0;2.0;2.0;2.0;2.0
51184;1;2;2;1.0;9;00:00;00:00;00:00;00:00;00:00;00:00;10:30;02:20;00:00;?;01:10;01:00;00:00;2.0;?;2.0;1.0;2.0
51192;1;1;2;1.0;7;04:30;00:10;00:00;00:00;00:00;00:00;08:10;00:10;00:00;01:20;00:00;05:50;00:00;2.0;1.0;1.0;2.0;2.0
51197;1;2;2;1.0;7;04:20;01:40;00:00;00:00;00:00;00:00;11:10;00:50;00:00;00:00;00:00;02:50;00:00;2.0;1.0;1.0;2.0;2.0
51199;1;1;2;2.0;4;0;70;10;220;170;0;520;20;0;0;0;120;30;2.0;2.0;2.0;1.0;1.0
51203;2;1;2;1.0;5;00:00;01:00;00:20;00:00;00:20;00:30;08:30;00:50;00:00;00:00;00:00;02:00;?;1.0;2.0;2.0;1.0;1.0
51207;1;1;1;3.0;6;750;0;0;0;0;30;170;40;0;0;0;110;0;2.0;1.0;2.0;2.0;1.0
51211;1;2;1;1.0;4;0;0;0;0;0;0;560;90;0;0;0;170;20;1.0;2.0;1.0;1.0;1.0
51213;2;2;2;1.0;6;450;40;10;0;0;10;420;70;0;0;0;290;0;2.0;2.0;1.0;2.0;2.0
51219;2;2;2;1.0;7;40;50;0;0;0;40;450;130;0;20;0;110;0;1.0;1.0;1.0;1.0;?
51223;1;2;2;2.0;3;0;20;0;0;0;130;440;100;0;0;0;180;0;1.0;2.0;2.0;1.0;2.0
51230;2;1;2;3.0;9;0;130;110;0;0;0;480;100;0;40;30;100;90;2.0;2.0;2.0;2.0;2.0
51237;1;2;1;1.0;7;0;10;0;0;0;10;550;100;0;90;0;430;0;2.0;2.0;2.0;1.0;2.0
51238;2;2;1;1.0;4;720;0;0;0;0;0;360;20;0;0;0;90;0;1.0;2.0;2.0;1.0;2.0
51239;2;2;1;1.0;7;00:00;00:10;00:00;00:00;00:00;00:00;09:50;04:00;00:00;01:40;01:00;00:00;00:00;1.0;1.0;1.0;1.0;1.0
51248;1;1;2;1.0;4;0;30;10;0;30;40;680;10;0;30;0;240;0;1.0;2.0;2.0;1.0;1.0
51252;1;1;2;1.0;5;0;60;20;100;40;30;520;50;0;90;0;0;20;2.0;2.0;2.0;1.0;2.0
51253;1;1;2;2.0;6;450;10;0;0;0;60;460;20;0;90;0;110;0;1.0;2.0;1.0;1.0;2.0
51263;2;1;2;1.0;5;460;60;40;0;0;10;340;70;0;10;0;210;0;?;?;?;?;?
51276;1;2;2;1.0;9;0;60;30;0;0;40;590;50;0;70;0;150;0;2.0;2.0;1.0;1.0;2.0
51279;1;2;2;1.0;9;00:00;01:00;00:30;00:00;00:00;00:40;09:30;01:20;00:00;00:40;00:00;05:30;00:00;2.0;2.0;2.0;1.0;2.0
51284;1;2;2;1.0;8;0;30;30;0;0;0;540;120;0;90;60;60;0;2.0;2.0;2.0;2.0;2.0
51287;1;2;1;2.0;6;0;100;20;0;0;20;710;60;0;0;0;70;0;2.0;?;2.0;1.0;1.0
51289;1;2;2;1.0;7;460;30;20;0;0;20;530;90;?;40;?;70;0;2.0;2.0;2.0;1.0;1.0
51297;1;1;2;3.0;5;520;50;10;70;0;0;390;60;0;20;0;20;30;2.0;1.0;1.0;1.0;1.0
51300;1;2;2;1.0;8;0;80;20;0;0;70;420;80;0;100;0;230;0;2.0;1.0;2.0;1.0;1.0
51302;1;1;1;1.0;8;0;50;0;0;0;30;510;100;0;30;90;220;0;1.0;1.0;1.0;1.0;1.0
51307;2;1;2;2.0;7;0;240;40;0;0;30;340;60;0;0;0;360;0;2.0;2.0;2.0;2.0;2.0
51311;2;1;1;1.0;7;?;20;10;0;0;0;650;100;0;0;0;230;0;2.0;1.0;1.0;1.0;1.0
51313;2;1;2;2.0;5;380;50;10;0;0;10;350;100;0;0;0;140;0;1.0;2.0;1.0;1.0;1.0
51315;2;2;2;1.0;4;0;0;0;0;0;0;380;0;0;150;0;290;10;?;?;?;?;?
51323;1;1;1;1.0;5;0;0;0;90;40;0;630;100;0;20;0;90;0;?;2.0;2.0;2.0;1.0
51326;2;2;1;1.0;8;0;10;0;0;0;90;420;130;0;60;0;330;0;?;?;?;?;?
51327;1;1;2;2.0;6;30;70;0;0;0;0;570;60;0;10;0;90;10;1.0;1.0;1.0;1.0;2.0
51336;1;2;2;1.0;5;630;0;0;0;0;20;460;60;0;0;0;140;0;1.0;2.0;1.0;1.0;2.0
51337;1;2;2;1.0;6;510;10;10;0;0;20;450;40;0;0;0;10;0;2.0;1.0;2.0;1.0;2.0
51340;1;2;2;?;9;0;0;0;0;0;0;880;40;0;0;0;?;10;2.0;2.0;2.0;2.0;2.0
51348;1;1;2;3.0;5;00:00;00:50;00:30;00:00;00:00;00:00;07:40;01:20;00:00;01:10;00:00;03:50;00:30;1.0;2.0;2.0;1.0;2.0
51364;1;1;2;3.0;5;0;80;10;0;0;0;570;80;0;100;0;120;0;1.0;1.0;2.0;1.0;1.0
51365;2;2;1;1.0;7;0;40;0;0;0;0;660;120;0;0;0;120;0;2.0;1.0;2.0;2.0;1.0
51369;2;1;1;2.0;6;430;0;0;0;0;0;440;150;0;70;0;110;0;1.0;2.0;2.0;1.0;1.0
51378;2;2;2;1.0;8;0;80;10;0;0;30;550;70;0;40;0;270;0;2.0;1.0;2.0;2.0;1.0
51386;2;1;2;1.0;8;0;60;0;0;0;0;480;40;0;250;0;150;0;?;?;?;?;?
51391;1;2;2;1.0;9;0;60;20;0;0;0;440;60;0;140;0;420;110;1.0;1.0;1.0;2.0;1.0
51394;1;1;2;1.0;5;0;40;50;50;30;30;540;90;0;10;0;130;0;1.0;2.0;2.0;1.0;2.0
51395;1;1;2;1.0;8;0;70;30;0;0;20;440;80;0;140;0;280;0;2.0;1.0;2.0;1.0;1.0
51397;2;1;2;3.0;8;0;170;50;0;0;0;320;110;0;60;0;60;0;2.0;1.0;2.0;1.0;2.0
51398;1;1;2;1.0;7;0;80;0;0;0;0;530;100;0;130;0;110;0;1.0;2.0;2.0;1.0;2.0
51408;2;1;2;3.0;5;0;20;40;0;0;0;710;90;0;0;40;220;0;1.0;1.0;1.0;1.0;2.0
51410;1;1;2;1.0;4;0;120;20;20;40;30;380;40;0;0;0;140;0;1.0;2.0;2.0;1.0;1.0
51419;1;1;2;3.0;5;0;60;10;0;0;20;290;130;0;40;0;110;20;2.0;1.0;1.0;1.0;2.0
51423;2;1;1;1.0;6;140;40;50;0;0;0;310;100;0;140;0;240;0;1.0;1.0;1.0;1.0;1.0
51430;1;1;2;1.0;4;0;20;10;90;140;0;540;50;0;0;0;100;0;1.0;1.0;2.0;1.0;2.0
51435;1;1;1;1.0;6;0;60;0;0;0;0;170;460;0;0;500;80;0;2.0;2.0;2.0;2.0;2.0
51449;2;1;2;1.0;8;0;100;60;0;0;40;530;140;0;130;0;190;0;2.0;2.0;2.0;2.0;2.0
51456;1;1;1;1.0;4;09:10;00:00;00:10;00:00;00:30;01:10;06:10;01:50;00:00;00:10;00:00;01:20;00:10;?;?;?;?;?
51462;1;2;2;2.0;6;540;0;0;0;0;0;520;70;0;0;0;310;0;2.0;1.0;2.0;2.0;1.0
51469;2;1;1;1.0;7;00:00;00:20;00:00;00:00;00:00;00:40;09:30;02:00;00:00;00:00;00:00;04:10;00:00;2.0;1.0;2.0;2.0;1.0
51474;1;2;1;1.0;5;0;40;10;20;0;120;540;90;0;140;0;200;20;1.0;1.0;1.0;1.0;1.0
51479;1;2;1;3.0;6;300;0;0;0;0;0;620;130;0;30;0;110;0;1.0;1.0;2.0;2.0;1.0
51480;1;1;2;1.0;7;0;40;10;0;0;60;710;80;0;20;0;70;10;1.0;1.0;2.0;2.0;2.0
51483;2;1;2;2.0;4;0;0;30;0;0;0;550;70;0;10;0;180;10;1.0;1.0;1.0;1.0;2.0
51484;1;2;2;1.0;4;0;0;0;0;0;0;360;150;0;0;0;0;0;1.0;1.0;2.0;1.0;2.0
51485;1;2;1;1.0;6;0;0;0;0;0;20;440;130;0;10;0;120;0;1.0;2.0;2.0;2.0;2.0
51487;2;2;2;1.0;5;0;30;0;0;0;0;520;90;0;0;0;80;0;?;?;?;?;?
51488;1;1;1;1.0;5;0;60;40;140;10;60;610;150;0;10;0;0;0;1.0;1.0;1.0;1.0;2.0
51491;2;2;2;1.0;8;00:00;00:30;00:20;00:00;00:00;00:00;08:40;02:40;00:00;00:00;00:50;01:30;00:20;2.0;2.0;2.0;2.0;2.0
51492;2;1;2;2.0;6;0;10;40;0;0;0;510;180;0;40;0;0;0;2.0;2.0;2.0;2.0;2.0
51495;1;2;1;1.0;5;590;0;0;0;0;0;370;50;0;0;0;90;0;1.0;1.0;2.0;1.0;1.0
51502;2;2;2;1.0;6;0;60;0;0;0;0;510;60;0;90;0;270;60;1.0;1.0;2.0;2.0;2.0
51504;1;2;2;1.0;7;0;0;0;0;0;40;?;0;0;0;0;180;0;2.0;1.0;2.0;1.0;2.0
51515;1;2;1;1.0;6;470;0;0;0;0;20;470;60;0;0;0;190;0;1.0;2.0;2.0;2.0;1.0
51518;2;2;2;2.0;8;0;100;50;0;0;20;540;100;0;60;0;140;0;2.0;1.0;1.0;1.0;2.0
51524;1;1;1;1.0;6;0;?;30;0;0;40;590;100;0;130;70;140;0;2.0;2.0;1.0;1.0;2.0
51525;1;1;2;1.0;7;00:00;00:30;00:10;00:00;00:00;00:00;10:30;01:10;00:00;00:00;00:00;00:00;00:10;2.0;2.0;1.0;1.0;2.0
51527;2;2;2;1.0;6;0;50;40;0;40;20;560;140;0;0;0;250;20;1.0;2.0;1.0;1.0;1.0
51537;2;1;2;2.0;6;0;60;0;0;0;110;460;70;0;50;0;160;0;1.0;1.0;1.0;1.0;1.0
51540;1;2;1;2.0;7;160;0;10;0;0;0;550;130;0;20;0;120;0;2.0;2.0;2.0;1.0;2.0
51543;2;2;1;1.0;6;640;0;0;0;0;0;620;80;0;30;0;0;0;?;?;?;?;?
51546;1;2;1;3.0;3;0;20;0;0;0;0;720;60;0;20;0;390;0;2.0;2.0;2.0;1.0;2.0
51548;1;1;1;1.0;6;0;0;0;0;0;0;560;20;0;0;0;70;20;2.0;2.0;2.0;2.0;1.0
51553;1;1;1;1.0;5;0;60;70;130;30;0;510;30;0;40;0;90;10;2.0;2.0;2.0;1.0;2.0
51562;1;2;1;1.0;7;0;20;0;0;0;0;490;40;0;10;20;730;80;1.0;2.0;1.0;1.0;1.0
51568;1;2;2;3.0;5;0;0;0;0;0;0;650;60;0;0;70;0;0;2.0;2.0;1.0;1.0;2.0
51571;1;2;1;1.0;4;670;0;0;60;30;0;550;50;0;0;0;0;0;1.0;2.0;2.0;1.0;1.0
51572;2;2;1;1.0;6;0;30;10;0;0;10;380;120;0;30;40;360;0;2.0;2.0;1.0;1.0;2.0
51573;1;1;1;3.0;5;08:00;00:10;00:20;00:00;00:00;00:10;07:50;00:50;00:00;00:30;00:00;?;00:00;1.0;1.0;1.0;2.0;1.0
51574;2;1;2;1.0;5;520;10;0;0;0;10;510;60;0;10;0;50;70;?;?;?;?;?
51578;1;2;1;2.0;6;0;20;20;0;0;0;560;70;0;50;0;350;0;1.0;1.0;1.0;1.0;1.0
51587;1;2;1;1.0;7;0;40;0;0;0;90;530;50;0;80;0;130;0;2.0;2.0;2.0;1.0;1.0
51593;2;1;1;1.0;9;0;0;0;0;0;0;500;160;0;60;60;280;0;2.0;2.0;2.0;2.0;2.0
51600;1;2;1;3.0;5;0;0;0;0;0;0;670;40;0;0;0;270;0;2.0;2.0;2.0;2.0;2.0
51611;1;2;1;3.0;6;330;0;0;0;0;0;470;80;0;40;0;120;0;2.0;2.0;1.0;1.0;2.0
51621;2;1;2;1.0;7;360;10;10;0;0;0;510;60;0;0;0;110;0;2.0;2.0;2.0;1.0;2.0
51631;1;1;1;3.0;5;410;20;0;0;0;0;490;70;0;20;0;90;0;1.0;2.0;1.0;1.0;1.0
51634;2;2;1;1.0;9;0;0;0;0;0;220;580;90;0;50;0;170;0;?;?;?;?;?
51638;2;2;1;3.0;8;00:00;01:10;00:00;00:00;00:00;00:00;07:50;?;00:00;00:00;00:10;03:30;00:00;2.0;1.0;1.0;2.0;2.0
51653;2;2;1;3.0;6;420;40;0;0;0;10;430;90;0;0;20;90;0;2.0;2.0;2.0;1.0;1.0
51660;1;2;2;1.0;7;480;20;0;0;0;0;410;50;0;30;0;110;40;2.0;1.0;1.0;1.0;1.0
51670;1;1;1;2.0;5;320;30;0;40;0;20;440;100;0;0;0;30;0;2.0;2.0;1.0;1.0;2.0
51675;1;2;1;1.0;6;720;10;0;0;0;0;470;80;0;10;0;20;0;2.0;2.0;1.0;1.0;1.0
51676;1;2;2;2.0;5;510;0;0;0;0;0;620;40;0;0;0;110;0;1.0;2.0;2.0;2.0;2.0
51677;2;2;1;1.0;3;440;50;0;0;0;10;480;60;0;0;0;60;?;1.0;1.0;2.0;1.0;2.0
51679;2;1;2;1.0;5;0;20;0;0;0;30;420;250;0;40;0;0;0;1.0;1.0;1.0;1.0;1.0
51681;1;2;1;1.0;9;00:00;01:30;00:00;00:00;00:00;00:20;10:30;01:40;00:00;00:00;00:00;03:50;00:00;2.0;2.0;2.0;2.0;2.0
51695;2;1;2;3.0;9;0;60;40;0;0;0;410;80;0;100;0;260;30;2.0;1.0;2.0;1.0;2.0
51696;2;2;1;2.0;8;0;20;20;0;0;0;490;160;0;90;0;70;0;1.0;2.0;2.0;2.0;2.0
51704;1;1;1;1.0;5;0;20;20;0;0;80;400;140;0;200;0;280;?;1.0;1.0;1.0;1.0;2.0
51706;2;1;2;2.0;4;0;70;50;0;0;140;720;100;0;0;0;0;0;1.0;1.0;2.0;1.0;1.0
51709;1;2;2;1.0;8;0;60;10;0;0;140;240;90;0;60;20;180;50;1.0;1.0;1.0;1.0;2.0
51710;1;2;2;1.0;7;370;100;0;0;0;30;490;30;0;20;0;270;0;2.0;2.0;2.0;2.0;2.0
51722;1;1;2;2.0;7;0;40;10;0;0;50;490;110;0;110;0;140;10;2.0;1.0;1.0;1.0;2.0
51729;1;1;1;3.0;6;10:00;00:10;00:00;00:00;00:00;00:00;07:00;01:50;00:00;01:30;00:00;01:10;00:00;1.0;2.0;1.0;1.0;2.0
51738;1;1;1;2.0;8;0;0;0;0;0;60;330;80;0;20;20;530;0;2.0;2.0;2.0;2.0;2.0
51739;2;2;1;2.0;9;0;50;10;0;0;70;570;100;0;200;0;120;0;2.0;1.0;1.0;1.0;2.0
51742;1;1;2;1.0;6;0;60;40;0;0;0;710;90;0;70;20;80;10;1.0;?;2.0;1.0;2.0
51751;1;1;1;1.0;7;470;10;0;0;0;0;430;50;0;10;0;110;0;?;?;?;?;?
51766;1;2;1;1.0;4;00:00;00:00;00:00;00:00;00:00;00:00;12:20;00:30;00:00;02:00;00:00;04:20;00:00;?;1.0;1.0;1.0;1.0
51771;2;1;1;1.0;7;0;20;0;0;0;20;510;40;0;50;0;210;0;2.0;2.0;1.0;2.0;1.0
51782;1;1;1;3.0;9;0;140;80;0;0;0;510;140;0;50;0;180;0;2.0;2.0;2.0;2.0;2.0
51783;1;1;2;1.0;9;0;100;20;0;0;0;620;110;0;80;0;90;0;2.0;2.0;2.0;2.0;2.0
51789;1;2;2;1.0;9;0;70;40;0;0;30;550;40;0;70;0;270;80;2.0;2.0;1.0;1.0;2.0
51790;2;1;1;1.0;4;650;0;0;0;0;0;470;0;0;0;0;140;0;1.0;1.0;1.0;1.0;1.0
51791;2;1;2;2.0;5;0;40;40;30;0;30;660;60;0;10;0;250;0;1.0;2.0;2.0;1.0;2.0
51799;2;1;2;1.0;7;0;50;40;0;0;0;550;70;0;90;0;280;0;?;?;?;?;?
51806;1;2;1;1.0;8;0;40;50;0;0;0;530;70;0;0;190;500;0;2.0;2.0;2.0;1.0;2.0
51807;2;2;2;3.0;5;720;50;0;?;0;0;430;60;0;0;0;150;0;1.0;1.0;2.0;1.0;1.0
51810;1;1;1;1.0;5;00:00;00:00;00:00;00:00;00:00;01:40;06:50;01:50;00:00;02:10;00:00;01:00;00:50;1.0;2.0;1.0;1.0;1.0
51811;1;1;2;3.0;7;00:00;00:50;00:00;00:00;00:00;00:00;06:40;01:30;00:00;03:50;00:00;08:40;00:00;2.0;2.0;2.0;1.0;2.0
51812;1;1;2;1.0;6;07:50;00:40;00:30;00:00;00:00;01:00;03:40;01:40;00:00;01:50;00:00;00:50;00:00;1.0;2.0;2.0;1.0;1.0
51820;2;1;2;1.0;6;0;70;30;0;0;30;550;110;0;50;0;120;30;1.0;2.0;1.0;1.0;2.0
51825;1;2;2;1.0;4;00:00;00:00;00:00;00:20;00:00;00:00;08:30;00:40;00:00;00:00;00:00;00:00;00:00;1.0;2.0;1.0;1.0;1.0
51826;1;2;2;1.0;4;390;30;0;20;20;0;440;100;0;50;0;?;0;2.0;2.0;2.0;1.0;2.0
51827;1;2;2;1.0;6;0;20;20;0;0;20;690;30;0;60;0;300;0;1.0;1.0;1.0;1.0;2.0
51830;1;2;2;2.0;4;0;50;20;200;100;20;470;50;0;0;0;260;20;2.0;2.0;2.0;1.0;1.0
51846;1;2;1;1.0;5;0;40;10;0;0;10;560;40;0;70;0;50;0;2.0;2.0;2.0;1.0;1.0
51849;2;1;2;1.0;5;0;30;0;0;0;20;570;70;0;40;0;180;0;1.0;1.0;1.0;1.0;2.0
51862;1;1;2;1.0;5;450;20;10;0;0;0;480;60;0;170;0;0;10;1.0;1.0;1.0;1.0;1.0
51873;1;1;2;1.0;8;0;40;10;0;0;0;480;50;0;70;0;190;10;1.0;1.0;1.0;1.0;2.0
51875;1;2;2;3.0;8;180;60;20;0;0;60;470;80;0;110;0;80;0;2.0;2.0;1.0;2.0;2.0
51877;2;1;1;3.0;5;490;20;0;90;0;0;510;110;0;10;0;10;0;1.0;2.0;2.0;1.0;2.0
51878;1;2;1;1.0;6;0;0;0;0;0;0;640;80;0;60;0;380;0;2.0;2.0;2.0;1.0;2.0
51888;2;1;2;3.0;4;0;30;0;30;0;10;550;170;0;0;0;30;0;1.0;2.0;2.0;1.0;2.0
51911;2;1;1;2.0;7;0;100;20;0;0;0;480;60;0;50;0;190;0;2.0;1.0;2.0;2.0;1.0
51915;1;1;2;1.0;5;450;0;0;0;0;40;560;90;0;10;0;130;0;2.0;2.0;2.0;2.0;1.0
51918;1;2;1;3.0;6;0;0;0;0;0;0;570;60;0;0;0;90;0;2.0;1.0;2.0;2.0;2.0
51920;2;2;2;3.0;7;00:00;01:10;01:00;00:00;00:00;00:00;10:00;01:30;00:00;01:00;00:00;00:40;00:00;2.0;1.0;2.0;2.0;1.0
51922;1;1;1;3.0;6;0;70;60;0;0;0;620;70;0;10;0;60;0;2.0;1.0;1.0;1.0;1.0
51923;1;2;1;1.0;8;0;60;20;0;0;0;660;90;0;?;0;200;0;2.0;2.0;1.0;2.0;2.0
51943;1;2;2;1.0;4;440;30;10;0;0;0;460;70;0;10;0;80;0;1.0;1.0;1.0;2.0;1.0
51947;2;1;2;1.0;7;490;0;10;0;0;0;470;60;0;0;0;70;10;1.0;1.0;2.0;1.0;2.0
51956;1;1;2;2.0;6;0;30;0;0;0;240;?;150;0;30;0;170;50;1.0;1.0;2.0;1.0;2.0
51957;2;2;2;1.0;7;0;10;10;0;0;0;740;100;0;60;0;30;40;2.0;2.0;1.0;1.0;2.0
51964;2;1;1;1.0;7;0;30;0;0;0;0;550;40;0;0;0;400;0;1.0;2.0;2.0;?;1.0
